These are the results for a poplation of size 1000 who 20 times have jumped 10 generations.
For each generation, 1000 PMX operations create as many offspring as parents.
After each 1000 PMX operation, an elitist filter is applied to keep the population static and only the best solutions available. 
The sequences are printed to terminal since I'm having trouble writing them to file.
path lengths    sequences: 
  13915.25        01813152252312049101914216217831171612
  13915.25        22913151716211710231419186220118504123
  14746.64        22181315105231204141219921621783117160
  14746.64        01813158523120921104141962172231171612
  16138.36        13181502252312049101914216217831171612
  16138.36        91522101523712020143194821713611162118
  16138.36        18111312248519101512720216232316091714
  16138.36        15238620161817102249142131317019112125
  16138.36        18762012110178431413159219112352216210
  16138.36        12181323172132711015191462216110920845
  16179.64        22913151716211710231419186220118504123
  16179.64        18723211210581192020163917622141115413
  16184.66        21319389415710651121821231711022162014
  16198.12        91222101523615020143194821713711162118
  16280.96        57620151213140182149101719218222316113
  16280.96        19221121131523102418191437201217561680
  16280.96        19948125152221162010113614017371118232
  16344.18        18221411648111565310219721719130231220
  16344.18        13316189510114820023121719611722421152
  16486.51        18229116481176531014210217191323151220
  16513.48        21121508102016519226913142311231187417
  16579.31        21187022985213201210151961411316411723
  16601.31        07623131422101749512118122201931681115
  16645.00        22182121116321231310191447517915201680
  16645.00        12181302220151721967319215118164231014
  16645.00        19221510182023321395014111761216421178
  16658.90        01813152252312049101914216217831171612
  16658.90        51341812031423022101962192178121171615
  16658.90        91415022191752311834221121318161017620
  16881.08        22181404723620109516819212171331211115
  16896.72        01122152320617142187410931316852119112
  16896.72        51741812031423022101962192131512117168
  16911.10        17161112452381921202015312291014187613
  17409.19        12181302220151721967319215118164231014
  17580.32        10112162351913420214181722101583916712
  17789.99        18221361216101774201419210593152318112
  17795.20        01832221023177895192021614131111541612
  17949.23        17219211215014842052216611910371813231
  18017.13        10112162359204121814163821519171310722
  18031.20        01811128523120169419142115217223107136
  18045.58        91413122219171016112034221015188517236
  18046.38        91613101523804201419222717618121531121
  18439.80        01213114523102022211914869171518167213
  18732.15        12180151721238711101342622161914520913
  18732.15        13181502252312049101914216172831171612
  18732.15        91415102019175161122342211213188017236
  18800.79        15513162201246112010199123218371481721
  18800.79        22211121156202123131019144751716183980
  18916.89        11213181058031191422221161917715202364
  18986.43        57620151213143182149101719218222316110
  19365.49        91413101641720221115819321125180217236
  19480.64        13323211651011482009217196117224181512
  19480.64        21813152216410106201912892317371121514
  19579.13        91214151951062032316110222171271413188
  19666.22        15231810202131062249141719135871221116
  19731.34        01169191218202314151071332221782116415
  19840.85        23019184171117222131610211520981463512
  19875.80        97010152315122220143194821713611162118
  19935.94        71111685231013641719142122093201815212
  19935.94        13181502252312049101914216217831171612
  19935.94        17112161058134121822231401519172023169
  19967.13        15125178102013211960916142342221187113
  19989.87        01881545231020179119142162221331171612
  20248.21        21145323182220161115102491213198017617
  20338.11        22181404723620109516819212171331211115
  20338.11        51741810392316221019621821315121172014
  20338.11        13222321141028912001812151961173171645
  20357.68        01213114222310205911914216217153167818
  20373.48        01813917141012321122085415222193117166
  20469.46        14711211215581346182221910103172023169
  20607.59        13231502291812045101914216217831171612
  20610.08        15121091952381816114302114226201317172
  20629.73        22181101092362047516819212171331141215
  20816.28        21813152216410109201912216517381172314
  20816.28        15213210192320141693127221517811418610
  20838.85        10113462122231219051141718202816971315
  20858.45        01215137212319511142081622210183164179
  20858.45        17112161058154121922231401318172023169
  20858.45        18711851614172042231915913361012221210
  20858.45        01813917141012321122085415222193117166
  21109.54        15513161861042011012199123222371481721
  21202.61        19181341532372010922014562118211611712
  21231.30        17115212211816913202191423124010185763
  21264.58        17210202112227931951136140158112316418
  21369.51        18221112115101722319141613217648203950
  21406.91        21125178162010419226913142321531187110
  21443.40        01215372123151114208619222101813174169
  21549.63        01213114523102098119142162217231671518
  21797.09        19221318164110319145102126178152012237
  21888.33        13181502272312049101914562178311162112
  21948.51        01813158192311649510142132172261172012
  21981.32        15231810202131062249141719135871221116
  22014.89        20322151321411710181614128921917052316
  22038.90        17205311232112186104141192016971513228
  22327.15        03218181923221751610112915741126131420
  22375.76        17213421182220790511461019158112316312
  22476.14        71813119023101191631442122012617228515
  22476.14        91651011318804201419222717623121531121
  22476.14        18221112115620212313101914475179231680
  22476.14        01823152220631421174101317916852119112
  22502.31        22101315981801962321452174173111611220
  22567.46        02133221017120415181921961211851614237
  22572.41        27131215192210641423161101891205831721
  22628.84        01264221918202311151391031421782116715
  22628.84        61312305152314212101718208221471916911
  22628.84        20151651121817923171910414203221812136
  22628.84        02162021182279417511361019158231114312
  22656.97        18213150822171031416219612111954172320
  22656.97        91880221117215191034220121314151617236
  22656.97        05131522182312092110414196217831171612
  22656.97        12921141552378182010224012171361116319
  22656.97        01813152252312049101914126217831171621
  22656.97        29221015237819201431846121713151116210
  22689.35        19181351151701049113226217122161423820
  22713.40        21201831491642058172310161512722131119
  22713.40        13225101709342012141617196282111182315
  22727.11        11170821231013641719145221693201815212
  22757.88        91412022191752311203413211521861017168
  22778.57        01813142212312010941721615219823167115
  22794.09        22181570102312049519142162171311316812
  22839.00        21125208111716151922691314234201187103
  22856.78        21181314165201041791211315617230281922
  22856.78        21214151951062092322170163712181413118
  22897.53        01213114523102098119142162217231671518
  22906.03        09192162218115235872014162417312101113
  22919.24        15216309232014412101972215178111318621
  22992.13        21214151951062092312111822371601413178
  23003.32        48518132022223123101902171611561191417
  23096.79        17191492118222074051156102138112316312
  23185.17        01815191021236582016113914121732211742
  23225.81        13220112367185419109121121621731520814
  23236.20        20161510111481792317195621203221812134
  23272.15        12258107152023174140131962211618912311
  23504.68        17414620518131091221233221615191711208
  23596.82        22518211912231415921317811141020716360
  23603.61        18111312220145191015127421623231609178
  23715.05        11213301618141102374202259682119171215
  23734.75        08151418523221719110312921134112671620
  23745.58        91880221917111620153422165713101142312
  23755.82        21224813102315012751814179112063119162
  23785.98        27131281951004142316116229120181531721
  23841.51        12922101523781920143184152171361116210
  23871.43        91613111216304102141522717523121982018
  23891.06        13181502272314920101914216217831151612
  23911.49        11189228141911502143121620175610137232
  23919.63        51891162122104121723147201319113028615
  23929.09        21171815110578922200412623141311231619
  23952.40        01813142212312010941721615219823167115
  23962.72        91952318111210720134160153222817162114
  23962.72        61312302152371215191892016221748141011
  23972.87        18121311452310202223191421698171167150
  23995.88        52111141612159722131801761910142320823
  24012.93        22133616188211411511924232071510171290
  24014.59        71813141652310411791211361521202228190
  24027.78        17161514185238019110312921741126132220
  24041.08        20181315861471221171991410203221651123
  24099.03        18113154592220101728142161623193071112
  24128.51        12181081721327901319146221623154201115
  24136.75        17115212258169130219142312102041837611
  24140.67        17219211215014842052216111910371813236
  24168.13        13201522523120491019142161718831171612
  24196.09        15513162201246112010199123218371481721
  24196.09        57016151213146202189101719211122233418
  24258.90        01813152252312091910414213286171171612
  24309.69        71813011923101191642223172012821146515
  24334.69        01821922523620491014151211317831171621
  24384.55        61495871541611131020191223223171202118
  24391.54        13222352101709119741221361520811141618
  24396.59        18111312217851920151210142192341607236
  24479.98        51618122102341321121703192920814156711
  24481.22        21111670108201792221413234191512181653
  24518.51        17617164110222914319211213188152052310
  24546.00        15510919121781816114302114236201317222
  24592.79        91511822523712020143194821713611162110
  24618.56        01813142212103201941721615219823167115
  24618.56        21187022923521320121015196141131641178
  24681.72        19181510718172043141312962222351116210
  24718.68        01223221156175119101913217144820316218
  24766.00        91613234521121817101146819152270231120
  24779.58        01813810517212049221914162231531171612
  24849.03        01813152252312049101914216217831171612
  24853.36        01811722202321149117410235158616191312
  24963.97        51721181410201231801922492131561671123
  25077.17        12184171320222230310195971611561121148
  25119.74        12180151721238711101342622161914520913
  25119.74        13225101709342012141617196282111182315
  25136.43        17161112452381921202015312291014187613
  25137.80        12181581721327110131914622161109202345
  25137.80        01137652312419151822141092118172016213
  25137.80        18233010615201612141912194132175871122
  25137.80        21813152216410106201912895173211172314
  25141.64        01812122206171492104711351582316191312
  25141.64        01811124523891520219132122171014167613
  25179.36        14181121023501721201327229161584631911
  25224.70        18221112115101722319691321714482031650
  25226.35        68134102312180221516951719211721143201
  25279.83        22211815131123714162503191796812420101
  25295.86        16192010182217111505231431229821167134
  25324.03        12181315152322042010111436217821197169
  25362.10        11213181058022691419321162172315207114
  25389.40        18213316514171015220219612111984172320
  25409.22        21511970228201761021413234193121816115
  25471.11        27131281951694142310110213120221561718
  25508.74        18611121392012123151021447517819316220
  25569.69        18126207510178423141315921911321221610
  25573.59        16301418619710911221511132417202282315
  25593.09        17115212258169130219142312102041837611
  25606.95        21214159237620195161102231018121413178
  25657.71        14181121652307212013210322151784691911
  25665.96        11189108141911502143121620176522137232
  25667.55        18723211210581020219163917622141115413
  25682.17        91613101523804201419222717618121531121
  25682.17        91880221942016115317212121314151017236
  25683.01        12210121819132394651630151120717148221
  25718.18        20181315126917823171114410203221651921
  25718.18        22213211820233841651715111910147121960
  25748.47        07131215423213651819149810112212161720
  25750.29        14711216105813412182221910153172023169
  25799.14        91614121211880420101913227176235153112
  25801.25        22736161882114115119242320130101712915
  25805.67        11189228141911502143121620175610137232
  25838.71        14417816182315130910576123192212211120
  25841.36        17231315431222010908142162181651971112
  25853.28        18115122431319101512720216282316091714
  25883.14        22132170206171481110512239151823161941
  25917.23        17161112452380120219153212291014187613
  25917.23        16231451917169221013831221241102071815
  25925.40        62132010231518022816911171937122114145
  25926.29        01813810523314492219202162171511171612
  25936.75        20201416523104117912319615112122188713
  25938.41        12181581721327110131914622161109202345
  25942.31        15011161323592017121418213821419610722
  26008.79        19221521820712019510131162317316414218
  26008.79        15201141923201359211272211410831617618
  26031.92        17201141232214691057201218218319131615
  26057.84        18221112115101722319691321714482031650
  26079.61        21714114192320069211272251310816118315
  26080.99        22133617188211411511921223207010164915
  26119.28        20182116869471213101111452032215171923
  26169.69        07612224171523119101914211321620181583
  26183.82        16720101822171115052314312298162119134
  26188.97        13226201512514018214910178211972316113
  26190.07        19711801101720431413229618221515162312
  26194.97        12623514201521241310160198922317171118
  26202.65        91817101220237198151365222411316114210
  26204.32        14180111023511521201321622971784631912
  26229.17        01811124523891561019132122172141672013
  26229.17        01132221815101742114931923165208671112
  26229.17        01931122201713217125108914151216423618
  26251.47        20213308181411023741922596172111161215
  26270.54        01813822223320412101614217519151116179
  26288.82        22291015237120201431948151713611162118
  26296.62        01931122204132171251089141512231716618
  26296.62        22213198180196231014521741731116151220
  26296.62        19711801101720431413229618221515162312
  26310.15        12941485233151820227021121713611161019
  26327.53        14231121610581316121822219101531720749
  26349.58        19731518116172041110131296222235148210
  26376.24        21224812117180137911105192062331415216
  26385.19        21812141356317401072021191582311162219
  26421.44        21511970228201761021413234193121816115
  26444.04        20182310229171114116631942113287155012
  26448.81        12921141552378641022200121713181116319
  26460.36        19141216523015212013210221871784631911
  26470.03        18723211210581020219163917622141115413
  26474.43        20181316821947176121111452032215101923
  26474.43        14315172012230184166921131021951872211
  26491.90        71813119023101191631442122012617228515
  26513.89        22211121156202123131019547141716183980
  26535.59        01813917141012321162085415222193711126
  26544.11        17181314408211591121916622125101372320
  26544.11        96131522518820701019141232211712164113
  26544.11        19222381621150512201011361491737218411
  26567.16        18712231658173910201421221119121361540
  26596.54        42298132172301615518142171120631191012
  26604.35        22211815131123714168219301796125420101
  26625.60        12181081721327901319146221623154201115
  26657.96        13201522523120491019142161718831171612
  26669.90        01241372331511141820171991015821162226
  26670.81        12911208162312118141074062171331952215
  26670.81        01813151752012316912826211422193117410
  26670.81        01813821423120592219141062171531171612
  26688.34        18711163582316910201421222191213171540
  26693.55        22211815131123714201650319179681242101
  26726.04        62216340181411023791312211728519201115
  26727.59        11213301618142123107415225968119171220
  26731.35        13237811591517162261914018202101214213
  26733.52        52111171092022231613180146191213715824
  26743.83        18239192012781414161013213172221505116
  26750.95        15513167010142011612189123219822431721
  26762.21        19116165230122120132102218717841519314
  26762.21        04823185151202221019146219171331671112
  26762.21        23819913214157106511218321711022162014
  26762.21        91415022191810161120341321122178517236
  26765.27        18129172248151965231014217211316201310
  26765.27        18221311164811565310219721719140231220
  26773.50        21224813141723012791110519620183115216
  26773.50        19853182014121221126913101617023412157
  26773.50        01137652312419151822141092118172016213
  26840.30        51336161882114112241921232071510171290
  26841.59        17161514185238019110312921741126132220
  26860.36        21161881423170712354109196201513111222
  26872.13        13211121155201923910218422671831716140
  26904.72        21319389415710651121821231711022162014
  26919.56        12623572015212413101601989223171411118
  26942.69        01812320617149117104212212158231619135
  26943.04        18611121392012123151021447517819316220
  26981.66        18113154523222010172814216091931671112
  26995.59        01813151721231242210191456209831171612
  26995.59        19112162358134018101432221519172071612
  26997.51        18812216523919610341421721715130111220
  27008.87        17617164381119914222211213180152052310
  27010.35        16192010182217111505231431229821167134
  27031.98        01810231314222174951219213672011681115
  27035.08        18221112115622123131019144751782031690
  27035.22        22180111216232169314172011910138725415
  27051.26        12911208162312161410742218217133195015
  27059.92        19116165230122120132102218717841519314
  27070.62        01813152221231204910191417652831171612
  27072.80        01613212279123420152386121418510171119
  27073.21        18611128920231512110191447517132316220
  27098.26        01813152222382041210191421751731116169
  27107.76        12181081721327110131914622161159202345
  27135.33        18728121615172041011191491336235221210
  27138.96        71811916523104131791211361521202228140
  27140.41        01813151721231211310191456209822471612
  27145.91        01813810523120229419142162171531171612
  27157.86        71111518523101364171914212209320816212
  27174.58        16819141530759204216231221713122111018
  27186.54        22181423470620591121817192161331210115
  27207.96        61114204152311310021222918319871651721
  27208.75        15513162201042011231219921621837148171
  27230.32        12181581723232150131914622161109207411
  27232.98        61495871511234131020191216223171202118
  27232.98        51710152321313711014916620248122219118
  27232.98        12623514201521241310160198922317171118
  27233.27        13222315171028912001612213651971114418
  27244.53        57620151213161718214910019218222314113
  27257.96        01823232061714911710416221215812119135
  27258.83        15231810202131166224914171913511712280
  27259.55        04223185151202213141910621917831671112
  27272.45        10112162381220169181932252151417131074
  27284.63        01813152316412059810142162172231971112
  27288.48        20181316821947176121111452032215101923
  27293.63        01811231353611691417217122201922481015
  27294.56        19150182023321391510142167111216422178
  27314.80        61114201015231134921216018319852271721
  27323.91        19221121131523102418191437201217561680
  27323.91        21891413123615401072023151782119162211
  27351.45        19221121131523102420191437181217561680
  27353.99        01813151792012311810576211422191642312
  27360.54        21121115132359201701814163821419610722
  27365.09        02291261014181512021164192325133117178
  27369.57        51413114023102022211912216917831671518
  27373.19        18213822191417101501621961211323417520
  27373.19        51741813202221503101969716123121121148
  27414.73        91658221917201111513242112101803142376
  27417.02        21214151951861492316110223712102013178
  27422.49        22211814171123715168219301396125420101
  27427.58        19711101818172043141312962222351516210
  27435.96        19222381621150512210113614917318207411
  27438.50        07612224173231191019142118213151615820
  27441.36        62132010231518016822191421937121711145
  27456.70        04823185151202221019146219171331671112
  27470.47        02012123182211149175410361215821619137
  27474.79        17351118974222061415191012181321231620
  27474.86        23308186191420911221131117245152271610
  27479.66        17219211215814016205224111910371813236
  27484.72        02133221017171615181921961211854142320
  27484.72        01821522523620491019141211317831171621
  27494.20        21201851291642038172310161514722131119
  27503.37        01213111819231020227511421691783162154
  27504.09        19213210158201416931272215172311418610
  27511.70        01813154523113122101914621917820167221
  27511.70        17112161058134121822231401519172023169
  27511.70        17101141581691320219142312225101832176
  27531.18        13181502252312049101914216217831171612
  27531.18        01813152222332041210191421751681116179
  27539.85        21415191702212011534912211318810167236
  27540.04        21201851291642038171311161514722231019
  27540.04        15201141923201359211272211410831617618
  27540.04        11214202112227980511361019153172316418
  27570.99        19222323211595820161136141201071118417
  27573.58        19175131621231136151020221828141291740
  27597.57        91817114163207211513650221910231211482
  27598.76        19818022917111620133422112514151017236
  27603.03        19221507202332139111014216817121641518
  27611.91        11213301618141102374192259617212081215
  27612.46        12223211258169191013171436241102071815
  27616.92        15214010191712011584912211318322167236
  27637.08        17110214081891320219142312225151637611
  27637.08        19711801101720431413229618221515162312
  27640.19        31318102252312016941914615211780271112
  27640.19        17112161523181420910191335217160122248
  27640.19        12181581721327110131914622161109202345
  27640.19        17201141232214691057201218218319131615
  27640.19        21181117228415141061221339161190523720
  27640.19        01813917141012321122085415222193117166
  27642.82        21121302220151721967319185118164231014
  27646.56        15513162201246112010199123218371481721
  27646.56        01213114523102022211914216917831671518
  27646.56        01213114523102022211914216917831671518
  27654.87        12181315105231201193191421621782247160
  27659.04        31813212252312016941914615101770118212
  27659.34        01813154523113122101914621917820167221
  27684.29        18760121101784314131592191121522162320
  27684.29        01813151721231204910191456222831171612
  27684.29        51711181203161502210191221921376423148
  27684.53        01813152252312049101914126217831171621
  27684.53        19222381251592116201011361401737111842
  27684.53        01137652312419151822141092118172016213
  27685.68        91880221917111620133422112515147110236
  27688.34        11913361618141102374202252082119171215
  27702.89        13232111810981401422531215177211916206
  27706.05        91517511442071013192212323216801861121
  27708.39        12922101523701920143184152171361116218
  27708.78        13231502291812045101914216111783216712
  27708.78        16221580141975920122113111724613231018
  27708.78        18161331211017204214111591923685227210
  27709.77        21121302220151721967319185118164231014
  27727.49        18611121392012123151021447517819316220
  27732.91        18196522231721131520104711391816201412
  27757.58        02012123182217149117410361215821619135
  27759.21        07131215423213651819149810112212161720
  27763.01        91613101216874112141522017523121932018
  27778.23        17231315431222010908142162181651971112
  27791.72        01164221918207121513910314217821162315
  27799.09        91813152222332041210191421751681116170
  27806.29        12221301881517219673192151120164231014
  27812.61        21214151951861492316110223712102013178
  27823.23        01813152217231204910191421652831171612
  27823.23        01815822102312014951942161621331171712
  27823.23        51618122102341321212031917920814156711
  27860.85        17351118974222061415191012181321231620
  27867.40        71813231001111991622242132012617148515
  27874.38        01813142212312010941721515219823167116
  27882.46        15213301618141102371211225968211917420
  27883.70        97010152315122220143194821713611162118
  27887.87        13222315171028912001612213651971114418
  27888.34        18126207510178423141315921911321221610
  27892.53        12911208162312118141074062171331952215
  27903.12        11213181058036914222211619172315207114
  27903.12        01823152220631421174101317916852119112
  27907.88        11213301618141102374192259617212081215
  27910.29        15913201810221746215140232193716181112
  27917.82        01813144192312059810152262172131671112
  27918.22        17231814816197149105132122202011121536
  27921.06        01814947222155101121861223171331916120
  27924.36        17112161523181420910191335217160122248
  27955.72        17110214081891320219142312225151637611
  27956.97        51721182212012310801914492131561671123
  27957.31        01813152210231205919422161214173167118
  27958.63        13351711511201923910218412671822216140
  27959.79        20201416523104117912319615112122188713
  27962.24        91880221917111620133422112515147110236
  27972.34        20161510111481792317195621203221812134
  27977.60        04181511057892211131221623141720231619
  27984.73        13121602252312049101914216217831171518
  27985.14        19712318181720410141311962222351516210
  27991.67        21187022985213201210151961411316411723
  28010.66        13221811591517162361914018202101274213
  28012.04        18229116481115653101421721719130231220
  28015.48        18196522231711315201047143221809161112
  28015.48        03218185232217191101612915741126131420
  28020.61        51891162122104121723147201319113028615
  28025.69        19613152251882070109141232211712164113
  28031.12        18221112115622123131019144751782031690
  28031.82        18711812161417204210191591336235221210
  28052.89        01615141852322171911031292174112613820
  28082.40        01811124523120159219832122171014167613
  28090.70        21125178102016151922691314231123118740
  28090.70        19182152213632041210014217516811123179
  28090.84        13222352101789120016122136151971114418
  28094.65        19181320107231721491232268155216141011
  28094.65        16581073202317414191302222116189151211
  28094.65        14381013192306181222421201721615911715
  28099.94        15231810211631062249141751319871221120
  28101.29        13211819123101820230914114162175227615
  28118.57        01813142212103201941721615219823167115
  28124.74        14711216105813412182221910153172023169
  28130.89        91880221917111620153422165713101142312
  28138.34        01810234122261139141721752201931681115
  28142.93        23819913214157106511218321711022162014
  28142.93        19421623581611018713322215191720101412
  28145.17        22101819813074232145211961731116151220
  28145.73        12941485233151820227021113172161161019
  28148.69        01823152220681416117410931321752119112
  28151.93        23819913214157106511218321711022162014
  28156.33        17101141581691320219142312225101832176
  28156.33        10224813211523012751814179112063119162
  28161.30        21811313214152210616112890171923572014
  28170.69        01813152222382041210191421751731116169
  28178.51        22021415195109132316110226181271413178
  28181.81        18221310129233742014192105161715618112
  28196.07        11215239101522716131801461912141720823
  28196.81        11213301618141102374202259682119171215
  28197.48        07616385152349101914212221218131171120
  28200.01        71813119023101291631442122011817226515
  28206.34        32211142351070420619158921713122116118
  28209.53        19640235151141012172228201813372116119
  28215.68        21161881423170712135410936201119115222
  28228.59        10112162351913420214181722101583916712
  28229.22        15011211323592017121814163821419610722
  28229.22        12921141552378182010224012171361116319
  28231.70        18113154592220101728142161623193071112
  28234.20        21125208101723151922691314164201187113
  28236.99        22231101172019645913211671581814102312
  28239.25        51741812031423022101913219261215117168
  28253.69        21811970221201761021413234191512181653
  28258.18        07623135221014914172118122201931681115
  28259.46        01874222061713211110191423915823165112
  28260.47        91880221917215141634220131211151017236
  28260.99        20181315861471221171991410203221651123
  28266.59        13223522417091208101221361519711141618
  28271.19        17414620518131091221233221615191711208
  28278.64        12181081721327190149136221623154201115
  28280.71        01915137233151114182017126410821162229
  28285.34        13311121155201923910218417671822216140
  28285.34        57620151213140182149101719218222316113
  28287.87        22213198180197410145216231731116151220
  28291.29        21121197022820176101914132342151181653
  28294.93        14715121869120231953401722281621131011
  28304.52        12911208162301821141074162171331952215
  28306.18        91613121523804211419222717615101831120
  28310.27        91913022231210365416111572188171202114
  28321.76        71813119023101191631442122012617228515
  28334.90        15214102012614169823222101731813197115
  28338.24        14231121610581316121822219101531720749
  28339.17        15617201423819021018221131217921164135
  28347.20        19112162358134018101432271519172021612
  28350.79        51813141620221041179127216191131528230
  28358.60        17211231216521318610414119200971513228
  28365.32        62216309181411023741312211728519201115
  28365.32        15913201810221746215140232193716181112
  28367.02        17352189234112216614151910121813217020
  28367.02        11213182058036914222217191723151016114
  28381.12        20182310229171114116631942113287155012
  28388.38        07415232061714218112210931316852119112
  28388.38        27131215192210641423161101891205831721
  28388.38        19141216523062120132102218717841519311
  28389.01        01813102252319815419172162147316112012
  28392.84        15617201423819021016221131217913184215
  28401.97        17165111892322201021141519412681321703
  28406.84        01811212210620741419172351582316191312
  28410.06        20322151321411710616141289219170523118
  28410.73        18129172248151965231014217211316201310
  28410.73        10113422122812190511417182062316971315
  28410.73        91880221917215111634220121314151017236
  28415.13        01813158192311649510142132172261172012
  28425.74        18162121346110127510149191720233115822
  28428.96        15941670101420116121951232183221381721
  28441.44        91817201512131401619851062121112223347
  28444.78        07131715423213651819149810162212111220
  28470.76        18221112115620212313101914475179231680
  28473.89        01813142212315109417216152198231671120
  28473.89        21125178102016151922691314231123118740
  28478.54        19112162358134018101432221519172071612
  28479.46        91613101823210411219147223618121517205
  28482.13        19141216523015212013210221871784631911
  28486.74        11213181058036914222211619172315207114
  28486.74        23019184171117222131614211520981063512
  28492.37        15238620161817102249142131317019112125
  28494.09        19221220125421231710131668915147018113
  28503.79        27131281951694142310110213120221561718
  28508.36        17181521408161351121914231222910137620
  28508.36        12181581721232311013191462216110920745
  28513.49        19181341532372010922014562118211611712
  28514.06        17214921182220741210113651915811231630
  28514.68        19222381621150512210113614917318207411
  28517.64        01132221815101742114931923165208671112
  28521.23        17213114523102022121191662190831471518
  28521.90        17201418192320135921127221111083164615
  28546.34        81813231005119916222421320126171471115
  28547.64        02134209141710121819621162217853112315
  28555.34        91952318112107201341601532228611172114
  28558.59        14218118153222149101912202313170157166
  28559.26        01821922523620491014151211317831171621
  28559.73        91413122219171016112034221015188517236
  28559.73        14218110517222143101912202313981157166
  28584.59        12922101523872120143184152171361116190
  28592.69        19213210158201416931272215172311418610
  28607.75        13222321141025912001812151961173171648
  28620.84        22191820538413210122101417962316151711
  28632.54        12181302220151711496831916527211231014
  28639.58        13121602252312049101914216217831171518
  28640.15        18221310121663742014192105917823115112
  28641.36        21181314165231041179127202231911028615
  28647.43        01931122204132171251017914152321816618
  28648.02        52111124832271613180146191719232010215
  28670.75        01813152221231204910191417652831171612
  28676.78        12211212015231024131991437181217561680
  28680.00        13222352101789120016122136151971114418
  28680.92        01813152252312092110161119621783147412
  28683.50        11213181641103920142222156178231971510
  28691.89        13221823191891041507521121621736201114
  28694.44        62215118142381240517201310211937169112
  28694.88        28193132141571065112189231711022162014
  28698.71        51813141620221041179127216191131528230
  28699.27        13222352101709119741221361520811141618
  28709.72        17115212258169130219142312102041837611
  28733.55        13222100123120149417216151819823167115
  28734.61        57620151213141718214910022218192316113
  28734.61        18221112115620212313101914475179231680
  28759.10        21121508102016519226913142311231187417
  28765.80        11293016614110237415225131882119171220
  28767.77        14181121023501721201327229161584631911
  28767.77        18221411648111565319921721710130231220
  28773.50        18221382110131920171692751115141202364
  28779.80        17351118923422013614151910121816217022
  28788.17        14715121869120231953401722281621131011
  28796.85        01132221815101742114931923165208671112
  28797.60        01810231314222174951219213672011681115
  28817.98        91817101220237192115130146224113161582
  28821.89        22181494702315510112186122171331916120
  28827.23        10112162359204121814163821519171310722
  28837.32        15513162201042011612199123218371481721
  28845.64        21214159237620195161102231018121413178
  28850.09        01813151422332041210192221751681116179
  28857.51        16301418619710911221511172413202282315
  28858.96        18231162210159196584142172171312011320
  28867.24        01931122204132171251089146212317161518
  28868.44        18196522231711315201027113408169211412
  28874.18        21187022923521320121015196141131641178
  28874.18        51823121621221041179147201319113028615
  28875.40        10221511814238124013172056211937169112
  28884.49        22211814171123715168219301396125420101
  28896.89        91619121523804201413172272615101831121
  28905.83        01213111414102022751923216917182153168
  28908.42        12922101523715420143190821713611162118
  28910.62        12181581721327110131914622161109202345
  28910.62        20151651121817923171910414203221812136
  28914.70        13117192121789120041021361552223141618
  28926.04        21187022923521320121015196141131641178
  28926.04        21214151951061418231611022371292013178
  28927.66        19711101818172043141316216222235151290
  28928.52        13226201512514018214910178211972316113
  28930.08        19213210158201416931272215172311418610
  28934.58        19201318207124195101421623173161522118
  28943.47        16301418619713411221511172910202282315
  28944.43        18812216523919610341421721715130111220
  28944.75        19150182023321391510421671112161422178
  28953.82        12221301881517219673192151120164231014
  28955.67        19421623581619151871332220111720101412
  28971.02        91413101611772211158193211251802420236
  28971.84        27131281951694142310110213120221561718
  28976.58        12847105231151820143192292171361116210
  28980.36        02313422519102018211514621917831671112
  28980.36        21161881423170712354109196201513111222
  28980.36        22101819813019623214521741731116151220
  28988.47        01264221918201411152910323131782116715
  29006.30        19222191618151258201071361401731223411
  29009.97        19181320171523384912102262175216141011
  29016.67        21812141356317401072021191182315162219
  29024.25        91612345211218171082261323151470191120
  29029.94        31813212252312016941914615101770118212
  29032.31        16231452281520190131731221184111097216
  29040.94        19222331251592116201017136140187111842
  29040.94        01810231314221174251219216972031681115
  29040.94        01816202122279417511361019158231114312
  29040.94        21121197022820176101914132342151181653
  29046.10        11013521618141102374192239617212081215
  29047.12        91552318111210720134160198222317162114
  29047.12        21121197022820176101914132342151181653
  29050.29        18221112115720423131019142165179231680
  29051.73        17115217516812132021914239401018112263
  29052.77        16581073202317414191302222116189151211
  29052.77        19711812110172043141322692182351516210
  29058.88        21201851291642038172310161514722131119
  29061.98        57620151213140182149102219223817116113
  29071.02        91652318111210720132219015324817162114
  29071.77        19221221108230181741316659151471231120
  29075.11        67134102312180221516911171925821143201
  29075.53        18812216523919610341421721715130111220
  29081.28        52111301015227161318914619121423208217
  29084.22        51611172212159721131801461910142320823
  29088.38        12841122523715182014319192171361016210
  29089.20        13222352101789120016182136151971114412
  29090.08        13222352101789120016182136151971114412
  29092.88        71111685231013641719142122093201815212
  29097.99        91613111216304102141522717523121982018
  29098.64        21214151951062092316110223712181413178
  29102.19        12911208162312161410742218217133195015
  29105.88        15184010523120139221914762178311162112
  29105.96        01915137233151114182017126410821162229
  29107.87        19421623581619151871332220111720101412
  29110.85        19181320107231721491232268155216141011
  29117.55        01813810523314492219202162171511171612
  29119.87        13221231020211218174191465915167023118
  29121.12        01811722202321149117410235158616191312
  29127.96        16231452281520190131731221184111097216
  29129.61        17165111892322201021141519412681321703
  29132.71        13311121155201923910211847617822216140
  29134.14        17100512623213181624141192011971513228
  29134.34        29141282051064132316110182211971531721
  29134.34        91880221917111620133422112514151017236
  29134.34        51741812031423022101962192131512117168
  29139.27        18220821102023195161792313111514121764
  29150.06        22133010188211411161192423207651712915
  29158.93        19221220121314418171051668915217023113
  29159.90        12221301881517219673192151120164231014
  29171.13        22214121823719645913211631720100181115
  29176.07        12181315105231204922191421621783117160
  29176.07        15238620161817102249142131317019112125
  29176.27        01813152316412059810142162172231971112
  29177.85        01823213206171491174102161215812219135
  29181.08        22214121823719645913211631720100181115
  29186.11        18723211219178110209416321413225111506
  29188.42        13231502291812045101914216217831171612
  29198.87        21141597022820176102113234191112181653
  29208.05        15238620161817102249142131317019112125
  29219.10        19731518116172041110131296222235148210
  29219.66        18213308141710152216219611201954172312
  29226.31        01813221017137161521921961211854142320
  29231.46        11241485172221189101912202313301157166
  29232.31        13221823691804112752112161017315201914
  29232.31        21125178102016151922691314234201187113
  29233.43        19221521820712011751014211311931646823
  29237.07        15201341923201416918321221510871112617
  29239.23        16221580141975209122113111724613231018
  29239.23        31318102252312016941914615211780271112
  29239.23        19121107110172043141322961822351516218
  29240.81        18221310129233742014192105161715618112
  29244.74        20121151621817923171910414203221815136
  29249.49        21224812117180137911105192062331415216
  29253.00        52111761523181420910191331217160122248
  29261.35        01213111414102022751923216917182153168
  29264.72        01810231352261491417217122201931681115
  29268.49        23164145228122013910191511120177186213
  29279.08        18231162210159196513414213217207011128
  29283.21        01810231352261491417217122201931681115
  29283.96        17213114523102022121191662190831471518
  29284.63        18221112819620212313101514475179231610
  29290.07        15213210191820141693127221517811423610
  29290.07        17351118923422013614151910121816217022
  29290.07        12921141552378182010224012171361116319
  29294.18        11223352211169191013414621217802071815
  29294.18        91658221917201111510422112131803142376
  29294.88        15216309232014412101972215178111318621
  29304.78        01813151721812049101914522262331171612
  29320.53        14218110517222143101912202313981157166
  29325.71        48518132022223123101902171611561191417
  29325.71        01810231314222174951219213672011681115
  29325.71        91415012191751611203422123718810113226
  29325.71        19226202125214181710131618915147023113
  29325.71        21125178920161519601014132342221187113
  29325.71        22133121868211417511924232070101116915
  29327.74        12821015237151820143192294171361116210
  29349.14        16201121182279417511361019158232014312
  29352.13        13221823691802114752112161017315201914
  29353.07        20161510112181792317195414203221812136
  29356.16        22221128195106414231613117312018159170
  29364.60        15161019225178049142182112320313127116
  29364.60        91415022191810161120341321122178517236
  29364.60        19221220125214181710131668915147023113
  29366.23        21161881423170712354109196201513111222
  29366.69        22715018691202319534121721481621131011
  29368.94        11188022191720165934221121314151017236
  29370.64        23164145228122013910191511120177186213
  29372.20        19421623581619151871332220111720101412
  29376.47        13201017593420121416171962282111182315
  29378.42        19711221010172043141389618221515162312
  29390.02        17231315431222010908142162181651971112
  29391.26        01815822102312014951942161121331671712
  29391.26        01213111414102022751923216917821531618
  29398.79        19181510718172043141312962222351116210
  29400.18        17231311291822341661415191012185217020
  29405.77        17214921182220741210113651915811231630
  29414.12        15510919217818161143021142262013172312
  29423.36        22133612188421751191421232070101116915
  29423.36        14711216105813412182221910153172023169
  29423.39        20201416523104117912319615112122188713
  29429.02        16221580141975209122113111724613231018
  29429.02        01813152252312092110414196217831171612
  29433.45        10224813211523012711814179112063195162
  29439.94        18113154523222010172814211209193167116
  29442.27        51720111008714181491336212222119162315
  29442.27        19221507202332139510142161817121641118
  29445.16        16185158010420216121991232133714221711
  29447.55        21125178163104192269131423117201182150
  29451.10        13110522317892220016122136151971114418
  29456.89        21214151951062012231611022918371413178
  29465.01        18141312108519615124113722212316091720
  29472.40        16301418619710911221511132417202282315
  29475.18        17351118923422013614151910121816217022
  29479.46        23819913214157106511218321711022162014
  29479.46        12180141721231198101342622161915520713
  29479.46        01264221918202311151391031421782116715
  29482.89        67131817411031995122211421681520122310
  29482.89        19221312315841175010143921217211861620
  29482.89        22913151716181710231419216220118504123
  29493.43        19640235151141012172228201813372116119
  29493.43        91415022191810161120341321122178517236
  29493.43        01813212257120119419146152178310231612
  29495.82        51171812031423022101962192131512174168
  29495.82        01810231314226149517217122201931681115
  29500.63        01813142212315109417216152198231671120
  29501.48        22913151716211710231419186220118504123
  29511.32        12181315152360420101914212231782117169
  29517.81        62215118142381240517201310211937169112
  29522.34        18229116517111564310142172819130231220
  29523.34        22133010188211411161192423207651712915
  29537.77        17101141586121320221914239251018371621
  29540.33        52111301015227161318914619121423208217
  29544.46        62215118142381240517201310211937169112
  29554.40        52111171283227161318014619194232010215
  29556.84        21145323182220161115102491213198017617
  29558.87        22133616188211119141924232070101712515
  29561.70        41813162201215611201019912325371481721
  29574.94        23126422191810111513910314217821167205
  29578.33        10221511881214234013172056211937169112
  29579.15        27131816151103199512221142017846122310
  29580.21        21221421820712019510151962317316413118
  29581.78        01871052281923154191421621713316112012
  29581.78        15214010191712011584912211318322167236
  29583.42        01813158192311649510142132172261172012
  29591.63        01813152222382041210191421751731116169
  29592.18        15238620161817102249142131317019112125
  29594.08        19221551814238124013172061021137169112
  29598.48        13182022523117491019142162015831171612
  29598.97        16231451917169221013831218241115207210
  29600.19        96131522518820711019170232211412164113
  29604.03        18221311164811565310219721719140231220
  29606.55        18513171210781192020163914112221231546
  29611.74        23161315522812204931914111201771862110
  29619.88        15513162201042011681921123218371712149
  29620.23        01813152216231204910191421652831171712
  29624.30        13221231020211218174191465915167023118
  29635.07        18213322195871015016219612111144172320
  29635.07        14181121023501721201327229161584631911
  29640.58        21450101917120111584912211318322167236
  29641.88        61114204152311310021216321919852271718
  29653.03        15216301923201469211272215178111318410
  29657.83        16181373619142091122101117245152282310
  29659.16        01813221017137161521921961211854142320
  29664.84        18221382110131920516112717915141202364
  29664.85        17219211215014842052236119101671813231
  29665.79        19221521820712011751014211311931646823
  29668.42        19312211052214181741316689151270231120
  29675.59        01871022123598154191421621713316112012
  29676.52        19116165230122120132102218717841519314
  29685.32        01931122204132171251089146212317161518
  29687.78        62216309519110237413122117281814201115
  29698.17        81813231005119916222421320126171471115
  29701.03        20213308181411023741922596172111161215
  29705.06        13181502272312049161914126217831151021
  29705.06        07623135221014914172118122201931681115
  29716.28        13222100123120149417216151819823167115
  29721.37        08131522172312049101914212561831171612
  29723.39        11213301618142123107415225968119171220
  29723.39        01813222202311361510191412219178516741
  29744.86        01811517212320134910191456222831112167
  29760.28        01813151721231204910191456222831611127
  29764.25        91613101128304112141522717523211962018
  29765.75        18111312248519101512720216232316091714
  29770.12        15216301923201469211272215178111318410
  29776.51        91658221917201111513242112101803142376
  29783.24        16201121182279417511361019158232014312
  29783.39        14231121610581316121822219101531720749
  29785.73        11181121023501521201321622971784631914
  29789.26        91812319111210720134160153222817562114
  29794.02        14181121023501521201321622971784631911
  29799.06        01813151791212311538262114221916471020
  29803.58        01813152252312092110161119621783147412
  29803.58        19181320107231721491232268155216141011
  29803.70        51823121621227411791014201319113028615
  29809.25        17231311291822341661415191012185217020
  29809.28        52262015121323018214910171921871416113
  29809.63        01215137212319511142081622210183164179
  29814.58        01810231351961491417217122203221681115
  29816.21        04181511057149221121131262178320231619
  29821.47        01812122126171492104711351582316191320
  29822.26        22291015237120201431948151713611162118
  29822.26        91613101211880411219147223623121517205
  29822.42        01811124523120159219832122171014167613
  29823.64        22518211912231415921317811141020716360
  29825.38        21214159510620322161102319181271413178
  29835.61        10224813211523012711814179112063195162
  29835.61        21815101121817923171954142003221612136
  29836.37        50222101361192091623142173178411121815
  29842.68        21214151951068923161102237121814131720
  29855.13        07623135221011891417421122201931681115
  29856.61        19121107114320417101322961822351516218
  29857.85        04181511057149221121131262178320231619
  29860.68        17118129201714421019151816362352213210
  29860.85        13181502272312049101914562178311162112
  29864.23        21201851292264203817131116151423171019
  29867.30        91952318112107201341601532228611172114
  29870.71        13311121155201923910211847617822216140
  29871.80        12181561721232311013192281416110920745
  29873.45        01813142212312010941721515219823167116
  29883.37        21214151959320102316110226712188131714
  29883.37        02012123181117144227910361215821619135
  29884.66        12189151523220420101914216217831171613
  29887.87        18711812114172042231915913361052216210
  29888.80        19722211211017201131441396182235151680
  29893.66        18221110115613212320121914475179231680
  29893.66        18511622615919423131014217217830111220
  29893.66        91652318111210720132219015324817162114
  29895.31        22231101172019645913211671581814102312
  29898.72        01241372331511141820171991015821162226
  29899.29        21891413203615401071223151782119162211
  29904.71        13117192121789120041021361552223141618
  29909.72        29228102117230161551814471120631191312
  29909.72        01213194152310202221411176917831621518
  29909.72        23191191851210720134160153222817162114
  29919.32        18221112115602123131019144751782316920
  29924.07        21214151951862092316110221210731413178
  29932.23        31813210521201694191461510178222371112
  29932.23        14181121652307212013210322151784691911
  29940.13        07131215423213225181914981011617216120
  29940.92        17615104110319914202221121318817252316
  29940.92        20181316821947176121111452032215101923
  29940.92        07623135221014914172118122201931681115
  29943.97        15513162201042011612199123218831471721
  29957.65        18162121346110127510149191720233115822
  29958.13        12922101112378192014318415217136165210
  29966.79        18231162210159196513414213217207011128
  29969.40        17231814816197149105132132006111215222
  29972.67        11412122102315132118203191796814162075
  29973.61        18760121101784314131592191121522162320
  29982.90        19222381621150512210113614917318207411
  29984.15        01810231352214141769217122201931681115
  29987.24        10113422158121902291417182062316171315
  29988.63        29141252084610132316110182211971531721
  29989.14        01811722202321149117410235158616191312
  29989.83        18196522231711315201027113408169211412
  29999.06        12922101523715420143190821713611162118
  30003.10        08131522172312049101914212561831171612
  30009.35        22181423470152059112181719216133121016
  30022.44        17181314408212091121916622125101372315
  30029.75        01813221017137161521921961211854142320
  30029.75        01251141231020227131914216917831621518
  30040.94        16221580141975209122113111724613231018
  30040.94        82132141422101611791272023191130185615
  30040.94        21214151951420101823161102237129613178
  30051.13        18611089201212315101914475172223161312
  30051.13        10221511881214234013172056211937169112
  30053.27        15522161320104011612199123218371481721
  30055.07        16231451917169221013831218241115207210
  30057.14        19221510182023321375014121961216411178
  30058.23        11122122156202123131019144751716183980
  30059.30        91880221917215141634220131211151017236
  30060.64        14315172012231041192182113022195168761
  30063.02        18231162210159196584142172171312011320
  30066.18        08131522172312049101914212561831171612
  30071.25        12715191020365821161139140172322111842
  30075.25        21227121314171808491110519206233115216
  30076.11        20322151321411710181614128921917052316
  30080.25        19224131820712019510221623173168141115
  30081.32        01810231351961491417217122203221681115
  30088.47        21813022201517114967519213128161231014
  30089.17        20161510111481792317195621203221812134
  30092.65        18513171210781192020163914112221231546
  30101.35        71710182321313511014916620248122219115
  30101.35        14218110517222143101912202313981157166
  30102.46        18196522231711315201047143221809161112
  30104.00        12180141721238711101342622161915520913
  30111.65        91817114203219211513650227102312114168
  30129.27        01813212257120119431461521781910231612
  30131.62        13221234218718171019146591516120231120
  30135.05        12921141552378641022200121713181116319
  30145.71        15185162201073216121991232132041481711
  30149.87        51710423213137110891662021514122219118
  30153.76        01813152316412059810142162172231971112
  30153.76        01813212257120119419146152171231023168
  30155.56        71613231001111991822242132012617148515
  30155.61        22313151218821141751192423207010111696
  30163.65        17213421182220790511461019158112316312
  30167.91        18221314151281721091175021619316412320
  30171.91        51415172231023020141962192131812117168
  30176.64        01132221915101742114931823165208671112
  30195.04        21224812117180137911105192062331415216
  30195.86        13181715408211691121914622125101372320
  30206.37        10180111352261491417217122201931682315
  30207.41        20151651121817931719104142623221812130
  30209.30        15184010523120139221914762178311162112
  30216.94        10133212217821219051144152062316971118
  30217.61        17201816122321356101514131920118741229
  30223.97        14381013192302018122241661722115911715
  30236.09        12222114155237818201049012171361116319
  30240.09        18111319121785161522101421923231607420
  30240.49        22715018691202319534121721481621131011
  30241.81        21205221491642018817231016151273131119
  30243.43        17213421182220790511461019158112316312
  30243.43        15161019225178049142182112320313127116
  30243.60        52111172212159716131831461910142320820
  30275.77        12180141721233711101342622161915520918
  30302.09        16221580141975209122113111724613231018
  30302.09        19221312315841175010143921217211861620
  30311.59        01122211581352412101914323918171616720
  30312.34        19181315453720109220142312211821161176
  30324.62        22913151716181720211419236210118504123
  30331.41        31318102252312016941914615211780271112
  30332.29        71820119232211916131042132012617148515
  30335.28        21205221491642018817231016151273131119
  30335.28        71813011923101441222292132015817111656
  30337.17        19021112358166418713322215191720101412
  30337.41        15201641923201359211272211710831114618
  30347.27        91913022231210365416111572188171202114
  30347.27        51336161882114112241921232071510171290
 